26.305486
-98.171073
3
361
26.305463
-98.171081
3
361
26.305463
-98.171035
3
361
26.305467
-98.170989
3
361
26.305475
-98.170959
3
361
26.305475
-98.170959
2
100
26.305479
-98.170913
3
361
26.305500
-98.170837
4
431
26.305492
-98.170814
4
431
26.305486
-98.170829
4
431
26.305496
-98.170806
4
431
26.305500
-98.170799
4
431
26.305494
-98.170806
4
431
26.305494
-98.170799
3
817
26.305488
-98.170837
5
232
26.305492
-98.170806
4
386
26.305500
-98.170799
5
232
26.305500
-98.170791
5
232
26.305511
-98.170783
5
232
26.305517
-98.170761
5
232
26.305517
-98.170753
5
232
26.305524
-98.170745
5
232
26.305522
-98.170761
4
385
26.305528
-98.170745
5
232
26.305532
-98.170738
5
232
26.305536
-98.170722
5
232
26.305540
-98.170715
4
430
26.305540
-98.170715
5
231
26.305538
-98.170715
4
384
26.305532
-98.170722
5
231
26.305532
-98.170715
5
231
26.305534
-98.170677
5
231
26.305534
-98.170684
4
383
26.305532
-98.170684
4
383
26.305532
-98.170684
5
231
26.305530
-98.170684
4
383
26.305530
-98.170692
5
231
26.305532
-98.170692
3
823
26.305534
-98.170684
5
231
26.305532
-98.170669
4
341
26.305534
-98.170646
5
231
26.305532
-98.170631
4
382
26.305534
-98.170616
5
231
26.305536
-98.170616
4
302
26.305530
-98.170616
5
231
26.305528
-98.170623
5
231
26.305526
-98.170608
5
230
26.305526
-98.170608
5
230
26.305522
-98.170608
5
230
26.305519
-98.170623
4
380
26.305517
-98.170623
3
361
26.305513
-98.170623
4
341
26.305511
-98.170623
5
230
26.305511
-98.170639
4
379
26.305511
-98.170646
5
230
26.305513
-98.170646
5
230
26.305515
-98.170654
5
230
26.305513
-98.170654
4
341
26.305513
-98.170654
3
375
26.305515
-98.170646
4
341
26.305515
-98.170639
4
341
26.305509
-98.170646
5
230
26.305507
-98.170639
2
100
26.305511
-98.170646
3
375
26.305511
-98.170669
5
230
26.305511
-98.170677
5
254
26.305511
-98.170684
4
573
26.305505
-98.170730
6
198
26.305505
-98.170753
6
198
26.305503
-98.170768
6
198
26.305503
-98.170799
6
198
26.305511
-98.170822
6
198
26.305507
-98.170837
5
254
26.305503
-98.170845
5
254
26.305507
-98.170875
6
197
26.305503
-98.170875
4
575
26.305500
-98.170875
5
254
26.305501
-98.170883
6
197
26.305503
-98.170883
5
336
26.305498
-98.170898
4
576
26.305496
-98.170906
6
197
26.305500
-98.170913
3
847
26.305496
-98.170898
5
198
26.305496
-98.170913
6
197
26.305500
-98.170928
6
197
26.305498
-98.170936
5
254
26.305496
-98.170936
6
197
26.305494
-98.170928
6
197
26.305492
-98.170928
6
197
26.305488
-98.170921
6
197
26.305486
-98.170921
6
197
26.305477
-98.170921
6
197
26.305475
-98.170913
6
197
26.305471
-98.170906
6
197
26.305469
-98.170906
6
197
26.305467
-98.170898
6
197
26.305469
-98.170890
6
197
26.305465
-98.170890
6
197
26.305461
-98.170890
6
197
26.305461
-98.170883
6
197
26.305459
-98.170883
6
197
26.305456
-98.170890
6
196
26.305456
-98.170890
5
228
26.305456
-98.170890
5
255
26.305459
-98.170898
6
196
26.305459
-98.170898
5
280
26.305459
-98.170898
6
196
26.305458
-98.170906
6
196
26.305456
-98.170906
6
196
26.305456
-98.170913
6
196
26.305454
-98.170913
6
196
26.305452
-98.170913
6
196
26.305448
-98.170928
6
196
26.305450
-98.170928
6
196
26.305446
-98.170936
6
196
26.305448
-98.170936
6
196
26.305448
-98.170944
6
196
26.305446
-98.170936
6
196
26.305446
-98.170928
6
196
26.305446
-98.170928
6
196
26.305446
-98.170928
6
196
26.305444
-98.170921
5
227
26.305440
-98.170921
5
227
26.305444
-98.170913
5
227
26.305444
-98.170906
5
227
26.305440
-98.170906
5
227
26.305440
-98.170906
5
227
26.305440
-98.170906
5
227
26.305437
-98.170906
5
226
26.305435
-98.170906
5
226
26.305442
-98.171043
0
0
26.305442
-98.171043
0
0
26.305442
-98.171043
0
0
26.305442
-98.171043
0
0
26.305442
-98.171043
0
0
26.305442
-98.171043
0
0
26.305442
-98.171043
0
0
26.305442
-98.171043
0
0
26.305442
-98.171043
0
0
26.305442
-98.171043
0
0
26.305442
-98.171043
0
0
26.305442
-98.171043
0
0
26.305442
-98.171043
0
0
26.305442
-98.171043
0
0
26.305442
-98.171043
0
0
26.305442
-98.171043
0
0
26.305442
-98.171043
0
0
26.305442
-98.171043
0
0
26.305442
-98.171043
0
0
26.305442
-98.171043
0
0
26.305442
-98.171043
0
0
26.305442
-98.171043
0
0
26.305442
-98.171043
0
0
26.305442
-98.171043
0
0
26.305442
-98.171043
0
0
26.305442
-98.171043
0
0
26.305442
-98.171043
0
0
26.305442
-98.171043
0
0
26.305442
-98.171043
0
0
26.305442
-98.171043
0
0
26.305442
-98.171043
0
0
26.305442
-98.171043
0
0
26.305442
-98.171043
0
0
26.305442
-98.171043
0
0
26.305442
-98.171043
0
0
26.305442
-98.171043
0
0
26.305442
-98.171043
0
0
26.305442
-98.171043
0
0
26.305442
-98.171043
0
0
26.305442
-98.171043
0
0
26.305442
-98.171043
0
0
26.305442
-98.171043
0
0
26.305442
-98.171043
0
0
26.305442
-98.171043
0
0
26.305442
-98.171043
0
0
26.305442
-98.171043
0
0
26.305442
-98.171043
0
0
26.305442
-98.171043
0
0
26.305442
-98.171043
0
0
26.305442
-98.171043
0
0
26.305442
-98.171043
0
0
26.305442
-98.171043
0
0
26.305442
-98.171043
0
0
26.305442
-98.171043
0
0
26.305442
-98.171043
0
0
26.305442
-98.171043
0
0
26.305442
-98.171043
0
0
26.305442
-98.171043
0
0
26.305442
-98.171043
0
0
26.305442
-98.171043
0
0
26.305442
-98.171043
0
0
26.305442
-98.171043
0
0
26.305442
-98.171043
0
0
26.305442
-98.171043
0
0
26.305442
-98.171043
0
0
26.305442
-98.171043
0
0
26.305442
-98.171043
0
0
26.305442
-98.171043
0
0
26.305442
-98.171043
0
0
26.305442
-98.171043
0
0
26.305442
-98.171043
0
0
26.305442
-98.171043
0
0
26.305442
-98.171043
0
0
26.305442
-98.171043
0
0
26.305442
-98.171043
0
0
26.305442
-98.171043
0
0
26.305442
-98.171043
0
0
26.305442
-98.171043
0
0
26.305442
-98.171043
0
0
26.305442
-98.171043
0
0
26.305442
-98.171043
0
0
26.305442
-98.171043
0
0
26.305442
-98.171043
0
0
26.305442
-98.171043
0
0
26.305442
-98.171043
0
0
26.305442
-98.171043
0
0
26.305442
-98.171043
0
0
26.305442
-98.171043
0
0
26.305442
-98.171043
0
0
26.305442
-98.171043
0
0
26.305442
-98.171043
0
0
26.305442
-98.171043
0
0
26.305442
-98.171043
0
0
26.305442
-98.171043
0
0
26.305442
-98.171043
0
0
26.305442
-98.171043
0
0
26.305442
-98.171043
0
0
26.305442
-98.171043
0
0
26.305442
-98.171043
0
0
26.305442
-98.171043
0
0
26.305442
-98.171043
0
0
26.305442
-98.171043
0
0
26.305442
-98.171043
0
0
26.305442
-98.171043
0
0
26.305442
-98.171043
0
0
26.305442
-98.171043
0
0
26.305442
-98.171043
0
0
26.305442
-98.171043
0
0
26.305442
-98.171043
0
0
26.305442
-98.171043
0
0
26.305442
-98.171043
0
0
26.305442
-98.171043
0
0
26.305442
-98.171043
0
0
26.305442
-98.171043
0
0
26.305442
-98.171043
0
0
26.305442
-98.171043
0
0
26.305442
-98.171043
0
0
26.305442
-98.171043
0
0
26.305442
-98.171043
0
0
26.305442
-98.171043
0
0
26.305442
-98.171043
0
0
26.305442
-98.171043
0
0
26.305442
-98.171043
0
0
26.305442
-98.171043
0
0
26.305442
-98.171043
0
0
26.305442
-98.171043
0
0
26.305442
-98.171043
0
0
26.305442
-98.171043
0
0
26.305442
-98.171043
0
0
26.305442
-98.171043
0
0
26.305442
-98.171043
0
0
26.305442
-98.171043
0
0
26.305442
-98.171043
0
0
26.305442
-98.171043
0
0
26.305442
-98.171043
0
0
26.305442
-98.171043
0
0
26.305442
-98.171043
0
0
26.305442
-98.171043
0
0
26.305442
-98.171043
0
0
26.305442
-98.171043
0
0
26.305442
-98.171043
0
0
26.305442
-98.171043
0
0
26.305442
-98.171043
0
0
26.305442
-98.171043
0
0
26.305442
-98.171043
0
0
26.305442
-98.171043
0
0
26.305442
-98.171043
0
0
26.305442
-98.171043
0
0
26.305442
-98.171043
0
0
26.305442
-98.171043
0
0
26.305442
-98.171043
0
0
26.305442
-98.171043
0
0
26.305442
-98.171043
0
0
